Locality	PopulationDensity	Taxes	Income	Longitude	Latitude
1000	5949	449947939.5	2131778502	4.351697	50.8465573
1005	5949	449947939.5	2131778502	4.351697	50.8465573
1006	5949	449947939.5	2131778502	4.351697	50.8465573
1007	5949	449947939.5	2131778502	4.351697	50.8465573
1008	5949	449947939.5	2131778502	4.351697	50.8465573
1009	5949	449947939.5	2131778502	4.351697	50.8465573
1011	5949	449947939.5	2131778502	4.351697	50.8465573
1012	5949	449947939.5	2131778502	4.351697	50.8465573
1020	5949	449947939.5	2131778502	4.3487134	50.883392
1030	16504	306854640.2	1500117874	4.3737121	50.8676041
1031	16504	306854640.2	1500117874	4.3737121	50.8676041
1033	16504	306854640.2	1500117874	4.3737121	50.8676041
1035	16504	306854640.2	1500117874	4.3737121	50.8676041
1040	5949	449947939.5	2131778502	4.3895104	50.8368511
1041	5949	449947939.5	2131778502	4.3895104	50.8368511
1043	16504	306854640.2	1500117874	4.3895104	50.8368511
1044	16504	306854640.2	1500117874	4.3895104	50.8368511
1046	8826	111876957.7	527617115.4	4.3895104	50.8368511
1047	13925	339227504.3	1302755059	4.3895104	50.8368511
1048	5949	449947939.5	2131778502	4.3895104	50.8368511
1049	8826	111876957.7	527617115.4	4.3895104	50.8368511
1050	13925	339227504.3	1302755059	4.3815707	50.8222854
1060	19454	128470146.8	605649332.5	4.345668	50.8267409
1070	7066	234165333.2	1320651547	4.3123401	50.8381411
1080	16352	162859117.7	964345577.3	4.3227779	50.8543551
1081	19162	52542527.64	264850402.8	4.3257084	50.8622633
1082	8741	82525602.16	363580839.3	4.292702	50.8639835
1083	10487	76719697.9	359815934.7	4.3175103	50.8712396
1090	10427	160264266.9	733820155.2	4.3260903	50.8777634
1099	5949	449947939.5	2131778502	4.3260903	50.8777634
1105	5949	449947939.5	2131778502	4.3260903	50.8777634
1110	5949	449947939.5	2131778502	4.3260903	50.8777634
1120	5949	449947939.5	2131778502	4.390488868	50.89779605
1130	5949	449947939.5	2131778502	4.412570873	50.8919661
1140	8826	111876957.7	527617115.4	4.4021602	50.8704524
1150	4760	221943581.2	789281846.9	4.4432967	50.8292429
1160	3943	160640857	589237519.7	4.4331389	50.8156571
1170	1951	130771138	476837286.9	4.4158177	50.799394
1180	3795	412216167.7	1561760306	4.3372348	50.8018201
1190	9225	173715657	775664780.4	4.3177512	50.8091426
1200	8332	240295305.3	906316263.9	4.4284842	50.8466928
1210	23173	37708086.64	238862701.9	4.3723364	50.8530739
1212	23173	37708086.64	238862701.9	4.3723364	50.8530739
1300	844	168599427	664983931.6	4.5738899	50.6930127
1301	844	168599427	664983931.6	4.5894025	50.7111796
1310	485	42747528.6	158085907.6	4.4796542	50.7315053
1315	146	26245991.84	102382522.2	4.8384018	50.6799948
1320	188	38235596.66	143991422.5	4.7716774	50.7810287
1325	245	72636121.41	257798229.8	4.6896145	50.7021372
1330	1315	129690954.8	475174920.8	4.527289689	50.7133548
1331	1315	129690954.8	475174920.8	4.546311302	50.73713045
1332	1315	129690954.8	475174920.8	4.497138934	50.72074495
1340	947	151969320.3	573778367.2	4.5690502	50.666357
1341	947	151969320.3	573778367.2	4.529174266	50.6625713
1342	947	151969320.3	573778367.2	4.554902276	50.6851551
1348	449	39920594.69	149068938.2	4.614156732	50.6741689
1350	179	39662955.74	160981296.7	4.9260633	50.6943193
1357	227	14869838.93	62188443.38	4.9822395	50.7514034
1360	190	42843664.19	168666097.8	4.7801225	50.6564717
1367	137	28994301.62	117249541.6	4.9249295	50.6631583
1370	202	63945550.32	257014135	4.8203333	50.7016251
1380	298	97347279.51	346321899.4	4.482569151	50.6628104
1390	253	74149530.78	280786492.6	4.6702286	50.7516077
1400	478	135828538.6	540140462	4.286021634	50.5931607
1401	478	135828538.6	540140462	4.358648257	50.6172472
1402	478	135828538.6	540140462	4.382595409	50.58678735
1404	478	135828538.6	540140462	4.264926221	50.6048658
1410	1435	172383536	631117982.9	4.3978047	50.7173563
1420	773	207802616.6	801062726.9	4.354814544	50.6940942
1421	773	207802616.6	801062726.9	4.350790235	50.65630215
1428	773	207802616.6	801062726.9	4.3670582	50.6483743
1430	284	44797384.75	190026869.3	4.122725798	50.69657845
1435	449	39920594.69	149068938.2	4.640828606	50.6491686
1440	468	52275454.82	201676308.1	4.266669073	50.68088165
1450	245	38920312.48	145531839.8	4.636678	50.6080835
1457	200	39481731.03	143850790.7	4.6743285	50.6407147
1460	200	33051213.81	130466005.5	4.261167564	50.6463367
1461	200	33051213.81	130466005.5	4.296471951	50.6488039
1470	178	77432923.92	301575363.6	4.488077819	50.6040225
1471	178	77432923.92	301575363.6	4.431964496	50.5929226
1472	178	77432923.92	301575363.6	4.401503098	50.62902485
1473	178	77432923.92	301575363.6	4.446488694	50.63691535
1474	178	77432923.92	301575363.6	4.472942947	50.6269861
1476	178	77432923.92	301575363.6	4.411033952	50.5762935
1480	866	87069930.92	405150808.1	4.2214131	50.6893737
1490	404	51569776.89	196251227.8	4.5685766	50.6443208
1495	231	53776633.14	205444237.5	4.538097597	50.55047955
1500	947	171202478.5	712394593.3	4.2374349	50.7360524
1501	947	171202478.5	712394593.3	4.260508082	50.73793415
1502	947	171202478.5	712394593.3	4.214343059	50.7092954
1540	153	34125480.62	133980375.7	4.0974868	50.747729
1541	153	34125480.62	133980375.7	3.998576672	50.70721955
1547	118	10445795.75	41673900.06	3.943147	50.7164481
1560	567	63536268.39	230935459.7	4.474407	50.7674846
1570	253	43077068.34	173301551.1	3.9709983	50.7527192
1600	898	139253384.2	591483761	4.1958992	50.7804875
1601	898	139253384.2	591483761	4.29861047	50.7848617
1602	898	139253384.2	591483761	4.236041072	50.805593
1620	2381	19370790.13	85985874.87	4.3173542	50.786532
1630	1116	28257186.9	100326820.4	4.3345641	50.7716092
1640	822	116328488.9	418751237.9	4.3463687	50.74503
1650	872	135984565.4	509616162.1	4.305132149	50.7684432
1651	872	135984565.4	509616162.1	4.272998622	50.76514035
1652	872	135984565.4	509616162.1	4.328170341	50.7449476
1653	872	135984565.4	509616162.1	4.295015283	50.73423975
1654	872	135984565.4	509616162.1	4.273254597	50.74931535
1670	128	24713737.62	93190256.04	4.1367803	50.7398062
1671	128	24713737.62	93190256.04	4.174198072	50.7793527
1673	128	24713737.62	93190256.04	4.185344936	50.7354888
1674	128	24713737.62	93190256.04	4.160145028	50.73779765
1700	1082	229345422.6	868256340	4.265729967	50.84408625
1701	1082	229345422.6	868256340	4.2501187	50.8395994
1702	1082	229345422.6	868256340	4.263566837	50.8714357
1703	1082	229345422.6	868256340	4.195149073	50.8363077
1730	712	154481497.2	617374698.4	4.180437507	50.913594
1731	712	154481497.2	617374698.4	4.279026593	50.9019808
1733	712	154481497.2	617374698.4	4.279026593	50.9019808
1740	671	83265439.23	321790664.1	4.18341714	50.87155835
1741	671	83265439.23	321790664.1	4.164637248	50.85672975
1742	671	83265439.23	321790664.1	4.1535568	50.8726659
1745	746	73311605.95	284279747.9	4.1717632	50.9428791
1750	304	53415682.55	196724444	4.1888025	50.7998923
1755	237	48594299.91	189838417.9	4.102984067	50.7979738
1760	546	59823752.48	232696583.1	4.1119573	50.8220387
1761	546	59823752.48	232696583.1	4.136914865	50.84817805
1770	1377	55728956.08	237775382.6	4.0860754	50.8711313
1780	2072	87006543.16	325660433.2	4.3108723	50.9145955
1785	489	86791458.34	332936827.5	4.2658869	50.9277713
1790	762	67549819.16	264828237.4	4.1174675	50.9035063
1800	2199	170524391	720908932.4	4.4551981	50.9271744
1804	2199	170524391	720908932.4	4.4551981	50.9271744
1820	536	67120921.08	252428089	4.4758811	50.9170725
1830	1442	52121352.59	236703923.5	4.4353614	50.9124219
1831	1442	52121352.59	236703923.5	4.4365042	50.8945555
1840	531	96796816.8	375786649.1	4.299072942	51.0122466
1850	1031	202839061.1	766960083.3	4.401373263	50.95030565
1851	1031	202839061.1	766960083.3	4.377759928	50.9728229
1852	1031	202839061.1	766960083.3	4.3638682	50.9527061
1853	1031	202839061.1	766960083.3	4.342355502	50.91096285
1860	579	121253408.6	429331725.8	4.3287322	50.9341625
1861	579	121253408.6	429331725.8	4.3085198	50.9510266
1880	631	49885795.08	194113921.9	4.3599725	51.0131904
1910	372	70202214.9	257251736.2	5.1521172	51.1695659
1930	1323	152946289.9	598633861.9	4.508102595	50.88499735
1931	1442	52121352.59	236703923.5	4.508102595	50.88499735
1932	1323	152946289.9	598633861.9	4.435993971	50.8662434
1933	1323	152946289.9	598633861.9	4.515743844	50.85395875
1934	1442	52121352.59	236703923.5	4.515743844	50.85395875
1935	1323	152946289.9	598633861.9	4.515743844	50.85395875
1950	2392	80994702.64	278278022.4	4.4691371	50.8606105
1970	2148	86288567.89	299116555.7	4.4871796	50.8440554
1980	541	141604478.6	513669103.2	4.4556575	50.961429
1981	541	141604478.6	513669103.2	4.504252661	50.9939033
1982	541	141604478.6	513669103.2	4.507563892	50.96953845
2000	2666	1732023153	7913652026	4.3997081	51.2211097
2018	2666	1732023153	7913652026	4.3997081	51.2211097
2020	2666	1732023153	7913652026	4.3997081	51.2211097
2030	2666	1732023153	7913652026	4.3997081	51.2211097
2040	2666	1732023153	7913652026	4.3997081	51.2211097
2050	2666	1732023153	7913652026	4.3997081	51.2211097
2060	2666	1732023153	7913652026	4.3997081	51.2211097
2070	967	84753336.19	367387630.2	4.3416362	51.2028046
2099	2666	1732023153	7913652026	4.3416362	51.2028046
2100	2666	1732023153	7913652026	4.469525409	51.2115284
2110	1342	44903717.45	186109200.6	4.5225318	51.2270761
2140	2666	1732023153	7913652026	4.440389506	51.21029905
2150	2917	45190282.65	193994065.1	4.488953	51.1928907
2160	1029	58023997.85	244688391.3	4.5238022	51.2031044
2170	2666	1732023153	7913652026	4.445340164	51.24994295
2180	2666	1732023153	7913652026	4.432287078	51.2842045
2200	602	119377035.6	519220277.6	4.83464461	51.1855514
2220	513	179914708.7	776529853.5	4.719112072	51.08755725
2221	513	179914708.7	776529853.5	4.7692868	51.0471677
2222	513	179914708.7	776529853.5	4.731894345	51.10403005
2223	513	179914708.7	776529853.5	4.4361161	51.2907379
2230	283	59762892.06	265259489.6	4.901808003	51.0554081
2235	610	42924755.09	188196413.2	4.801293265	51.04605145
2240	335	61859917.42	253342105.3	4.635692468	51.19902125
2242	335	61859917.42	253342105.3	4.70338521	51.2257319
2243	335	61859917.42	253342105.3	4.697544528	51.2011609
2250	554	52097587.34	227303790.9	4.8597257	51.1438611
2260	462	107552943.7	464294289.8	4.9053101	51.1377568
2270	400	35495984.3	160164940.5	4.7543972	51.1392427
2275	286	70154728.71	303286002.8	4.8676797	51.26758
2280	409	52582505.55	217749002.4	4.73188443	51.18870335
2288	409	52582505.55	217749002.4	4.737061439	51.16210045
2290	291	32916150.68	142888654.3	4.769482	51.2023448
2300	834	155464332.8	735192914.1	4.948461	51.3233812
2310	268	42064484.36	198814857.6	4.760708	51.3495046
2320	211	69018902.59	357968968.6	4.744065641	51.39574085
2321	211	69018902.59	357968968.6	4.737254858	51.46092495
2322	211	69018902.59	357968968.6	4.807079049	51.43155825
2323	211	69018902.59	357968968.6	4.808593088	51.3975366
2328	211	69018902.59	357968968.6	4.8051679	51.4743516
2330	199	34260405.07	151360295.7	4.8627541	51.3580597
2340	498	79281934.8	336354913.9	4.837570452	51.3134921
2350	997	55090825.05	224815460.7	4.8878026	51.3129153
2360	379	55631790.73	262528010.7	4.9817086	51.3178319
2370	243	43152967.78	219211290.1	5.0864557	51.3202315
2380	163	41472115.42	245223600.2	5.019812292	51.3808625
2381	163	41472115.42	245223600.2	5.018244542	51.41206885
2382	163	41472115.42	245223600.2	5.048806967	51.45063155
2387	405	5645178.712	40961052.74	4.900405171	51.41275043
2390	312	67030921.84	283196025.8	4.7149828	51.3001124
2400	360	34201698.87	164153741.4	5.1155267	51.1840421
2430	395	63975407.71	289499601.8	4.997289028	51.10171295
2431	395	63975407.71	289499601.8	4.9552253	51.0801317
2440	384	172561324.7	733566202	4.9903187	51.1610826
2450	285	40787812.13	183456521.1	5.0772388	51.1317433
2460	272	84481153.01	355709830.1	4.967812	51.2407915
2470	245	42093837.59	197573044.6	5.0843883	51.2675862
2480	360	34201698.87	164153741.4	5.113243	51.2395713
2490	322	85273670.73	391886114.2	5.193773076	51.171804
2491	322	85273670.73	391886114.2	5.164821446	51.13368515
2500	766	162169925.4	668984722.5	4.603382811	51.0929433
2520	453	96943253.01	383226756.5	4.5967162	51.1813951
2530	668	72176740.34	272832077	4.510406865	51.1596941
2531	668	72176740.34	272832077	4.5226229	51.1753099
2540	1397	57113279.15	200648504	4.477387	51.1486117
2547	1505	48987524.99	181531695.1	4.4922187	51.1268305
2550	911	118259556.8	449618719.2	4.4456359	51.134377
2560	605	97426434.65	417070112.4	4.692287577	51.1364316
2570	799	83026052.82	337057711	4.5061988	51.0957176
2580	538	79581423.28	331209131.7	4.663080741	51.06299735
2590	492	48835036.25	207937413.4	4.664038763	51.10303735
2600	2666	1732023153	7913652026	4.431702639	51.1918493
2610	2666	1732023153	7913652026	4.387630961	51.1638451
2620	2262	46767171.92	198766777.4	4.3420555	51.1442105
2627	1101	39933386.71	163263742.9	4.3361875	51.1245635
2630	1351	83283148.15	321603149.4	4.3870241	51.133297
2640	3416	130084207.8	510455304.8	4.4593335	51.1741789
2650	2639	124777480.9	475935701.1	4.4384284	51.1574786
2660	2666	1732023153	7913652026	4.351150217	51.1757824
2800	1358	375498087.8	1536825130	4.4713212	51.02803335
2801	1358	375498087.8	1536825130	4.412476256	51.0519355
2811	1358	375498087.8	1536825130	4.421191052	51.01166405
2812	1358	375498087.8	1536825130	4.518299973	51.0083206
2820	529	97016004.98	346695619	4.537821778	51.0261294
2830	1032	106004475.9	453126635.7	4.3723517	51.0565194
2840	771	76423734.6	305209938.5	4.405889959	51.1044854
2845	2051	39241299.37	174264420.5	4.3303396	51.1098649
2850	2632	64945937.85	294135404.5	4.3667216	51.0873789
2860	603	104334551.2	410347464.2	4.511427814	51.06232435
2861	603	104334551.2	410347464.2	4.5799614	51.0624913
2870	549	127537401.5	507925594.2	4.313610863	51.0452687
2880	478	106037549.3	425259824.3	4.242326005	51.0924649
2890	549	127537401.5	507925594.2	4.251921393	51.0451478
2900	1174	168145042.6	685204898.5	4.4980446	51.2516344
2910	413	65128639.16	320940672.1	4.4701309	51.4677957
2920	331	85788927.43	359653537.7	4.4763255	51.3832723
2930	997	198330518.3	806119012.5	4.489307	51.2930933
2940	879	91930551.65	371022443.1	4.4046996	51.3066168
2950	746	144685456.7	584421466.6	4.431231831	51.332759
2960	335	134420695	557776664.8	4.597238179	51.3347679
2970	563	121192793.3	467064258.9	4.5556038	51.2624856
2980	583	113347507.5	452642956.9	4.645556534	51.2428446
2990	244	81736856.91	361632373.4	4.6428328	51.3994474
3000	1809	535581710.6	1962352502	4.692990322	50.8812533
3001	1809	535581710.6	1962352502	4.693130751	50.85172925
3010	1809	535581710.6	1962352502	4.730761495	50.88991545
3012	1809	535581710.6	1962352502	4.7136294	50.9095362
3018	1809	535581710.6	1962352502	4.7001214	50.926428
3020	703	138454731.1	487922441	4.672714	50.9079329
3040	252	57421686.48	208694144.2	4.58285874	50.7950895
3050	368	79147629.98	272600779.2	4.6678971	50.8217682
3051	368	79147629.98	272600779.2	4.645828979	50.8051035
3052	368	79147629.98	272600779.2	4.705679661	50.8281673
3053	368	79147629.98	272600779.2	4.728370694	50.81785645
3054	368	79147629.98	272600779.2	4.685271359	50.82408165
3060	342	59916552.66	215405860.2	4.6322907	50.8706469
3061	342	59916552.66	215405860.2	4.590504365	50.8419887
3070	610	119024797.8	426597171.3	4.536470704	50.88326665
3071	610	119024797.8	426597171.3	4.575086413	50.9104969
3078	610	119024797.8	426597171.3	4.554594959	50.87266065
3080	686	134856356.5	468728020.5	4.545208432	50.8110528
3090	577	155496804.7	547993512	4.5385226	50.7729254
3110	475	95099083.65	354787566	4.714320596	50.9543637
3111	475	95099083.65	354787566	4.768330689	50.9482552
3118	475	95099083.65	354787566	4.702687723	50.9707189
3120	704	76024182.36	301451947	4.6755134	50.9900457
3128	704	76024182.36	301451947	4.750536766	51.0075269
3130	601	49689092.12	200912715.2	4.782640312	51.02422075
3140	717	92277677.39	324167535.7	4.6265551	51.0049242
3150	505	79327070.02	305029070.3	4.6386824	50.9769286
3190	711	72973072.73	272750040.7	4.575800525	50.97828585
3191	711	72973072.73	272750040.7	4.5553278	50.9925865
3200	494	138518887.9	576321514.8	4.8245687	50.9841594
3201	494	138518887.9	576321514.8	4.885698962	51.0118664
3202	494	138518887.9	576321514.8	4.897049427	50.97591095
3210	334	91240565.99	330256773.5	4.775684751	50.89891075
3211	334	91240565.99	330256773.5	4.890888586	50.8721422
3212	334	91240565.99	330256773.5	4.789408665	50.87211325
3220	263	57717932.34	214189547.2	4.755729672	50.92172015
3221	263	57717932.34	214189547.2	4.833804539	50.9470265
3270	469	97450027.68	431798821.2	4.954732777	50.9725745
3271	469	97450027.68	431798821.2	4.977084579	51.0278406
3272	469	97450027.68	431798821.2	4.924667682	50.98948425
3290	425	107670821.4	453569281.2	5.0964572	51.0392379
3293	425	107670821.4	453569281.2	5.029940493	50.9776976
3294	425	107670821.4	453569281.2	5.024746529	51.0071839
3300	503	148816609	636385296.1	4.933923959	50.7846322
3320	201	37184909.02	141428788.2	4.881141936	50.7877912
3321	201	37184909.02	141428788.2	4.9193571	50.7665968
3350	199	32618312.47	138399567.7	5.053345558	50.84486375
3360	270	63905125.33	228711655.6	4.771431808	50.8241245
3370	277	46746199.7	173109226.6	4.833617805	50.8473461
3380	201	26265216.46	105881772.1	4.960110793	50.8510351
3381	201	26265216.46	105881772.1	4.960877619	50.88734525
3384	201	26265216.46	105881772.1	4.916755414	50.8694607
3390	261	53519908.62	213174561.3	4.860599744	50.93414405
3391	261	53519908.62	213174561.3	4.917343133	50.8950541
3400	307	72018918.23	301862196.5	5.007492232	50.78710135
3401	307	72018918.23	301862196.5	5.060942049	50.72608345
3404	307	72018918.23	301862196.5	5.100653433	50.7653693
3440	186	35629916.28	155855414.7	5.087123767	50.8653457
3450	176	23628296.4	107193874.8	5.101581003	50.89519195
3454	176	23628296.4	107193874.8	5.156491748	50.88594765
3460	182	27605310.46	117288354.6	5.013668844	50.94677135
3461	182	27605310.46	117288354.6	4.9541212	50.9212106
3470	161	33370739.72	145944799.8	5.068392496	50.90566935
3471	161	33370739.72	145944799.8	5.001462802	50.8668096
3472	161	33370739.72	145944799.8	5.006511605	50.89309326
3473	161	33370739.72	145944799.8	5.003771633	50.9129375
3500	787	357566926.3	1486443144	5.336838397	50.930358
3501	787	357566926.3	1486443144	5.35129064	50.8769276
3510	787	357566926.3	1486443144	5.250978464	50.9524495
3511	787	357566926.3	1486443144	5.3052007	50.9439384
3512	787	357566926.3	1486443144	5.244429194	50.91698375
3520	551	87791767.32	385379859.9	5.3677683	50.9909835
3530	395	95019501.64	483405034.2	5.384482165	51.0743268
3540	298	54268324.24	233369416.7	5.209857666	50.94876395
3545	261	38423199.37	170156443.9	5.107391344	50.9384339
3550	656	112824473.1	542312631.8	5.283553129	51.04153335
3560	285	62793639.68	274105458.1	5.1372552	50.9657859
3570	422	50902820.38	215717532.5	5.3079873	50.8754731
3580	615	152270120.5	735280495.4	5.220809082	51.0502026
3581	615	152270120.5	735280495.4	5.244356551	51.08973005
3582	615	152270120.5	735280495.4	5.271159655	51.06978945
3583	615	152270120.5	735280495.4	5.161672557	51.04746375
3590	473	79776850.89	347406006.2	5.4200307	50.9078485
3600	775	202956177.6	1032432338	5.5001456	50.9654864
3620	447	74900928.49	453272123.3	5.6091315	50.8839456
3621	447	74900928.49	453272123.3	5.662609476	50.9284078
3630	523	96290750.52	566903723.8	5.7128515	50.9863045
3631	523	96290750.52	566903723.8	5.7147232	50.9408858
3640	226	31964273.47	196082444.2	5.808924333	51.1492029
3650	324	61479782.08	326568634.6	5.699144386	51.0328615
3660	205	82850243.88	397885934.2	5.581962	51.0429949
3665	373	30685567.54	143483958.3	5.572202585	51.0005396
3668	373	30685567.54	143483958.3	5.616166004	51.0182495
3670	205	82850243.88	397885934.2	5.528946361	51.1303479
3680	335	80192021.34	425068508	5.791733	51.0947181
3690	230	28169110.55	131889018.5	5.5725548	50.9318992
3700	366	118029875.2	544369141.6	5.5030479	50.8064756
3717	56	348015.0611	1619404.224	5.4260923	50.7273829
3720	258	36228122.39	155827450.9	5.377000029	50.86195255
3721	258	36228122.39	155827450.9	5.429857466	50.8667966
3722	258	36228122.39	155827450.9	5.407345632	50.85566395
3723	258	36228122.39	155827450.9	5.400563228	50.84255235
3724	258	36228122.39	155827450.9	5.425909174	50.8326029
3730	335	37680334.1	171698829.8	5.4865309	50.8500788
3732	335	37680334.1	171698829.8	5.448166928	50.8422859
3740	431	118377159.6	553204911.6	5.4734935	50.8921566
3742	431	118377159.6	553204911.6	5.534048641	50.8523326
3746	431	118377159.6	553204911.6	5.556142701	50.883259
3770	291	53763492.93	281882398.3	5.5369013	50.8017668
3790	87	12363546.19	70151218.8	5.842934228	50.74087835
3791	87	12363546.19	70151218.8	5.881877603	50.72838165
3792	87	12363546.19	70151218.8	5.824242712	50.72830265
3793	87	12363546.19	70151218.8	5.869530469	50.75322225
3798	87	12363546.19	70151218.8	5.77194619	50.7611375
3800	387	159315989	718134588.6	5.2127604	50.7813901
3803	387	159315989	718134588.6	5.146158129	50.83411245
3806	387	159315989	718134588.6	5.132211277	50.78000075
3830	279	29759221.99	134021859.5	5.311174893	50.82338225
3831	279	29759221.99	134021859.5	5.332235963	50.82704785
3832	279	29759221.99	134021859.5	5.293672501	50.84319895
3840	226	41923882.66	190640297.2	5.382353155	50.78522885
3850	324	26756672.64	122256647.1	5.168447929	50.86548295
3870	143	25966221.74	123528985.1	5.2807989	50.7381794
3890	155	34978180.77	153048341.6	5.231432693	50.7456072
3891	155	34978180.77	153048341.6	5.174378573	50.7345174
3900	411	104926071.1	546409083.3	5.422976	51.2113458
3910	411	104926071.1	546409083.3	5.4314419	51.2289746
3920	341	110382382.5	573967464.5	5.3076895	51.2305657
3930	332	35190787.92	227240411.9	5.479289572	51.2684314
3940	169	42351421.32	207378357.4	5.341564378	51.11664635
3941	169	42351421.32	207378357.4	5.344043927	51.1567865
3945	346	41486122.91	188774210.7	5.178110974	51.11417145
3950	232	38568179.43	208947850.9	5.599558195	51.1924818
3960	261	53819067.3	267685163.6	5.637817805	51.16613895
3970	735	53617997.84	257256482.9	5.263892429	51.1220584
3971	735	53617997.84	257256482.9	5.226535596	51.11582725
3980	368	78832877.73	342549923.8	5.0893974	51.0681628
3990	190	58439781.82	277904876	5.508709838	51.1420032
4000	2852	588839895	2804560594	5.541864	50.648205
4020	2852	588839895	2804560594	5.6111443	50.6412964
4030	2852	588839895	2804560594	5.599573	50.621845
4031	2852	588839895	2804560594	5.5954054	50.6128164
4032	2852	588839895	2804560594	5.619261	50.6111024
4040	1747	101058143.1	550791515.4	5.6403906	50.6701887
4041	1747	101058143.1	550791515.4	5.5929155	50.6904632
4042	1747	101058143.1	550791515.4	5.563754	50.6933806
4050	809	119092970.4	458037483.4	5.6469688	50.5847922
4051	809	119092970.4	458037483.4	5.6335963	50.6018717
4052	809	119092970.4	458037483.4	5.6387759	50.5589633
4053	809	119092970.4	458037483.4	5.619201	50.5893639
4099	343	39834976.89	167343184.6	5.5355698	50.5742979
4100	1823	160155011.6	869075770.5	5.5355698	50.5742979
4101	1823	160155011.6	869075770.5	5.5049541	50.6168289
4102	1823	160155011.6	869075770.5	5.5389943	50.5992632
4120	315	60679954.75	221575567.1	5.4444346	50.5445135
4121	315	60679954.75	221575567.1	5.4514318	50.5520337
4122	315	60679954.75	221575567.1	5.5215011	50.5446771
4130	376	68270509.61	265171230.3	5.575772744	50.5337249
4140	203	68014756.95	277460292.7	5.628000939	50.53758625
4141	203	68014756.95	277460292.7	5.7172478	50.5248417
4160	113	19193433.7	77992623.24	5.5225261	50.481662
4161	113	19193433.7	77992623.24	5.5122974	50.4969412
4162	113	19193433.7	77992623.24	5.5009881	50.4869156
4163	113	19193433.7	77992623.24	5.4707571	50.4960227
4170	235	17383138.09	84838943.11	5.576470727	50.47491074
4171	235	17383138.09	84838943.11	5.5827847	50.5097627
4180	136	13250199.83	62626676.14	5.5428656	50.4454473
4181	136	13250199.83	62626676.14	5.5680501	50.426751
4190	90	19329334.83	85524342.14	5.605138	50.3999541
4210	101	15177666.56	59737025.17	5.072436	50.5812607
4217	146	23209680.95	93559153.62	5.0971783	50.5508203
4218	146	23209680.95	93559153.62	5.1318708	50.5331675
4219	128	11437405.02	49038541.86	5.0485902	50.5945676
4250	151	15890187.92	62517543.42	5.1679183	50.6841901
4252	151	15890187.92	62517543.42	5.1969427	50.6554534
4253	151	15890187.92	62517543.42	5.187047	50.6649171
4254	151	15890187.92	62517543.42	5.182381	50.66174
4257	230	13750539.31	56108921.56	5.2146261	50.6977331
4260	149	27179674.76	112703625	5.1159746	50.6287517
4261	149	27179674.76	112703625	5.1632447	50.6242037
4263	149	27179674.76	112703625	5.1765528	50.639549
4280	198	72135989.48	295380095.5	5.1498313	50.6720609
4287	229	14373546.27	60195431.49	5.0318166	50.711613
4300	501	63008173.79	270806929.6	5.235361	50.7099793
4317	145	19513673.84	75522211.51	5.256235	50.6229561
4340	343	39834976.89	167343184.6	5.4620018	50.6669712
4342	343	39834976.89	167343184.6	5.4556394	50.6808099
4347	176	14807545.97	60717086.27	5.3985197	50.6660818
4350	263	26974694.67	109476063	5.333978	50.689076
4351	263	26974694.67	109476063	5.3426579	50.6960127
4357	133	15506620.02	60280421.87	5.3199408	50.6478971
4360	207	16085980.19	69182273.99	5.3277139	50.7145424
4367	209	15451839.99	62022000.97	5.397318	50.715885
4400	738	79891672.64	399959924.3	5.409295	50.5985223
4420	3546	53337807.39	312267540.4	5.5190161	50.64257
4430	1242	94386683.57	447190994.9	5.5190612	50.6624326
4431	1242	94386683.57	447190994.9	5.502732	50.665153
4432	1242	94386683.57	447190994.9	5.5129926	50.6742549
4450	274	40226910	169526046.1	5.5290689	50.7106926
4451	274	40226910	169526046.1	5.552484	50.687631
4452	274	40226910	169526046.1	5.5241784	50.7280141
4453	274	40226910	169526046.1	5.5434045	50.7097826
4458	274	40226910	169526046.1	5.5714611	50.7219179
4460	681	63259591.72	329211604.4	5.4512607	50.6547149
4470	345	24238722.35	112293430.8	5.3579041	50.6000686
4480	227	17758209.53	89078303.51	5.3922	50.569046
4500	456	74158031.96	340902649.1	5.1773498	50.5033196
4520	318	57193905.55	242858016.2	5.2358517	50.5512026
4530	208	28554001.36	117693584.2	5.2835083	50.5849842
4537	179	19496212.85	77203983.58	5.3041269	50.5857931
4540	525	48097091.83	225451352.1	5.3240992	50.5497761
4550	159	33879642.89	124656392.9	5.4190411	50.506355
4557	75	12377245.23	49589130.4	5.3564571	50.4735257
4560	62	18320533.42	80249511.7	5.3302671	50.3946271
4570	186	21980862.22	93666124.64	5.2263372	50.4802051
4577	104	18476968.54	75258420.76	5.3017936	50.4416137
4590	69	10662733.46	47465842.14	5.442913	50.4664238
4600	655	61693323.58	284888093.1	5.6944381	50.7806558
4601	655	61693323.58	284888093.1	5.686015	50.6957645
4602	655	61693323.58	284888093.1	5.670164	50.682809
4606	214	32482572	136750257	5.7536486	50.6953487
4607	214	32482572	136750257	5.731253	50.7423427
4608	214	32482572	136750257	5.7764464	50.7195828
4610	1650	38246955.51	186109246.2	5.6654685	50.6447087
4620	1197	55255256.91	265550646.1	5.6832219	50.6168354
4621	1197	55255256.91	265550646.1	5.6978166	50.6302993
4623	1197	55255256.91	265550646.1	5.6811009	50.6028765
4624	1197	55255256.91	265550646.1	5.6655488	50.6068155
4630	638	63723586.09	282182729.9	5.7147473	50.6087645
4631	638	63723586.09	282182729.9	5.7060994	50.6418082
4632	638	63723586.09	282182729.9	5.7262388	50.6508837
4633	638	63723586.09	282182729.9	5.7370469	50.6460841
4650	314	71507955.21	308095973.1	5.8342711	50.6319367
4651	314	71507955.21	308095973.1	5.8194813	50.6482697
4652	314	71507955.21	308095973.1	5.7726472	50.6037018
4653	314	71507955.21	308095973.1	5.7594413	50.6614055
4654	314	71507955.21	308095973.1	5.8048204	50.669117
4670	517	58634615.25	244939706.7	5.7252372	50.6727185
4671	517	58634615.25	244939706.7	5.6969122	50.6682189
4672	517	58634615.25	244939706.7	5.700802	50.6958409
4680	713	86847188.64	409368892.7	5.6186068	50.7087526
4681	713	86847188.64	409368892.7	5.6808711	50.710544
4682	713	86847188.64	409368892.7	5.6295554	50.7316969
4683	713	86847188.64	409368892.7	5.6527071	50.697932
4684	713	86847188.64	409368892.7	5.6667674	50.7339784
4690	236	32468751.32	151656799.1	5.6094772	50.7583596
4700	209	65669898.31	327333425.7	6.031452	50.6306134
4701	209	65669898.31	327333425.7	6.0458005	50.6461317
4710	211	15976035.56	95215658.84	6.0073447	50.6804233
4711	211	15976035.56	95215658.84	6.0469422	50.6750768
4720	629	19163161.14	166301557.8	6.013341	50.7154957
4721	629	19163161.14	166301557.8	6.0240702	50.7199902
4728	629	19163161.14	166301557.8	6.0316891	50.7091279
4730	153	19970435.5	193871070.9	6.0708402	50.7080172
4731	153	19970435.5	193871070.9	6.081697	50.6935863
4750	58	14189750.41	86948661.77	6.2053573	50.4267259
4760	37	12771776.88	84442581.47	6.257827	50.4075533
4761	37	12771776.88	84442581.47	6.3009381	50.4344078
4770	45	12722793.97	86026237.56	6.1705559	50.3543055
4771	45	12722793.97	86026237.56	6.218691	50.3631661
4780	68	23747795.04	162406879.1	6.0431296	50.3349273
4782	68	23747795.04	162406879.1	6.2642498	50.2888095
4783	68	23747795.04	162406879.1	6.1651484	50.2389236
4784	68	23747795.04	162406879.1	6.0680547	50.2591318
4790	36	5310258.209	62172298.16	6.121679358	50.17478087
4791	36	5310258.209	62172298.16	6.0743425	50.2190586
4800	1690	148131823.7	759024257.8	5.843182	50.582172
4801	1690	148131823.7	759024257.8	5.8952801	50.593109
4802	1690	148131823.7	759024257.8	5.867539	50.57804
4820	1092	31647834.07	182196649.4	5.854735	50.611374
4821	1092	31647834.07	182196649.4	5.8901888	50.4386821
4830	229	19724807.64	93895610.81	5.9402987	50.6122761
4831	229	19724807.64	93895610.81	5.9212234	50.623535
4834	229	19724807.64	93895610.81	5.9562188	50.6086202
4837	52	16625385.94	75818399.01	5.9715011	50.6311898
4840	423	34528422.38	165265653.2	5.9723396	50.6627086
4841	423	34528422.38	165265653.2	5.9318018	50.6768234
4845	82	38404184.21	161135709.3	5.9647526	50.5592528
4850	203	26237557.74	160178678.9	5.9620321	50.7075126
4851	203	26237557.74	160178678.9	5.9967631	50.7463908
4852	203	26237557.74	160178678.9	5.9207511	50.723243
4860	373	32497966.68	153388987.5	5.7910525	50.5747936
4861	373	32497966.68	153388987.5	5.7906072	50.5921673
4870	258	20622730.06	81116399.8	5.7002354	50.583997
4877	258	20622730.06	81116399.8	5.7479948	50.5901199
4880	226	16679486.83	75224058.11	5.8585553	50.7041498
4890	195	24227432.1	101660754	5.883668	50.6589677
4900	246	35853962.52	172891137.1	5.8626233	50.4920838
4910	144	51910387.19	220893780.8	5.7905664	50.4894593
4920	161	44226268.46	203088892.7	5.6742167	50.4734827
4950	78	21552920.69	115011713.3	6.1407071	50.4054037
4960	129	40254305.43	204099019.4	6.0391879	50.4415348
4970	85	23521675.06	114281659.3	5.952833	50.4531568
4980	37	8069933.343	40676672.29	5.8378154	50.3388474
4983	37	8069933.343	40676672.29	5.826789	50.3579736
4987	29	12584522.82	55065968.01	5.7299282	50.3819564
4990	39	11497920.93	57544524.01	5.8353999	50.3012606
5000	649	457993972.2	1913775828	4.9219558	50.4687313
5001	649	457993972.2	1913775828	4.822295852	50.46923485
5002	649	457993972.2	1913775828	4.835126618	50.48141855
5003	649	457993972.2	1913775828	4.846958713	50.4948666
5004	649	457993972.2	1913775828	4.891664451	50.47887385
5010	649	457993972.2	1913775828	4.891664451	50.47887385
5012	649	457993972.2	1913775828	4.891664451	50.47887385
5020	649	457993972.2	1913775828	4.903511212	50.49862565
5021	649	457993972.2	1913775828	4.929190352	50.49239555
5022	649	457993972.2	1913775828	4.912729384	50.5171876
5024	649	457993972.2	1913775828	4.957828727	50.5113799
5030	275	120838820	472688905.8	4.7481633	50.5329777
5031	275	120838820	472688905.8	4.760959338	50.57820735
5032	275	120838820	472688905.8	4.691994607	50.52340745
5060	835	86732337.84	429425532.1	4.6388177	50.4273479
5070	165	38198297.15	169252927.5	4.6513189	50.4048557
5080	176	48398219.42	181328352.1	4.827956079	50.5157255
5081	176	48398219.42	181328352.1	4.778702219	50.51440005
5100	649	457993972.2	1913775828	4.904300428	50.4110871
5101	649	457993972.2	1913775828	4.909451533	50.4474046
5140	234	35342531.46	146407570.4	4.6119938	50.5018413
5150	207	34880341.52	143636352.2	4.758878	50.4348064
5170	245	55353773.2	223511564.7	4.820627	50.365529
5190	410	68349958.02	311005284.9	4.6382422	50.4983123
5300	327	88735471.36	416770857	5.1043923	50.4900943
5310	163	73954572.93	297975450.7	4.8359955	50.5988682
5330	93	33300193.07	130163469.1	5.0233625	50.3704203
5332	93	33300193.07	130163469.1	4.9581149	50.3468626
5333	93	33300193.07	130163469.1	5.0294375	50.3896858
5334	93	33300193.07	130163469.1	5.0704373	50.3730757
5336	93	33300193.07	130163469.1	4.9845433	50.378301
5340	115	32822070.18	130383592.5	5.0191438	50.4272928
5350	92	18467949.69	81984818.01	5.171436	50.4135772
5351	92	18467949.69	81984818.01	5.1491871	50.4405961
5352	92	18467949.69	81984818.01	5.1491871	50.4405961
5353	92	18467949.69	81984818.01	5.2217845	50.440101
5354	92	18467949.69	81984818.01	5.1821601	50.4432621
5360	98	28735115.23	122870577.6	5.1594475	50.3408694
5361	98	28735115.23	122870577.6	5.1923275	50.3176664
5362	98	28735115.23	122870577.6	5.1751963	50.3334777
5363	98	28735115.23	122870577.6	5.1212547	50.3253905
5364	98	28735115.23	122870577.6	5.1237159	50.3579006
5370	52	17875932.73	82876363.93	5.2607234	50.3291239
5372	52	17875932.73	82876363.93	5.333856	50.3619241
5374	52	17875932.73	82876363.93	5.3125869	50.3533462
5376	52	17875932.73	82876363.93	5.24941	50.365689
5377	64	17572316.95	85871447.08	5.338213	50.288759
5380	125	36469481.76	144063755.7	5.0360917	50.5580545
5500	133	42133569.95	205778304.2	4.907923	50.23791
5501	133	42133569.95	205778304.2	4.9715412	50.2814293
5502	133	42133569.95	205778304.2	4.9882689	50.2798224
5503	133	42133569.95	205778304.2	4.982409	50.260159
5504	133	42133569.95	205778304.2	4.9897127	50.2471757
5520	49	10954086.58	51725833.34	4.7604034	50.2395304
5521	49	10954086.58	51725833.34	4.7806526	50.2500754
5522	49	10954086.58	51725833.34	4.793357	50.2782156
5523	49	10954086.58	51725833.34	4.8454743	50.274944
5524	49	10954086.58	51725833.34	4.8158102	50.2452911
5530	160	39072501.7	162858008.8	4.97325	50.3173377
5537	108	24479521.09	115085251.8	4.8796936	50.310778
5540	109	13858343.19	83534151.18	4.822554187	50.1973562
5541	109	13858343.19	83534151.18	4.8294854	50.2150767
5542	109	13858343.19	83534151.18	4.8352693	50.192216
5543	109	13858343.19	83534151.18	4.831747	50.161698
5544	109	13858343.19	83534151.18	4.7942801	50.16421
5550	24	6461612.787	38446685.22	4.9726784	49.8421207
5555	32	8607989.735	48020462.18	5.0267634	49.8994469
5560	42	15433144.18	75714114.83	5.0899109	50.1666464
5561	42	15433144.18	75714114.83	5.0058339	50.2312617
5562	42	15433144.18	75714114.83	5.0484175	50.2117661
5563	42	15433144.18	75714114.83	5.0372408	50.1613066
5564	42	15433144.18	75714114.83	5.061512	50.1593381
5570	54	26283349.48	135033961.9	4.9468551	50.1262206
5571	54	26283349.48	135033961.9	4.9767431	50.1487792
5572	54	26283349.48	135033961.9	5.0408552	50.1314538
5573	54	26283349.48	135033961.9	5.003949	50.1176141
5574	54	26283349.48	135033961.9	5.008842	50.099609
5575	31	12726645.45	68691026.82	4.855026	50.0250695
5576	54	26283349.48	135033961.9	5.000634	50.0604028
5580	76	39491181.99	193321949.6	5.153085776	50.11195305
5589	76	39491181.99	193321949.6	5.153085776	50.11195305
5590	116	57728069.8	266487352	5.0458772	50.2668644
5600	61	28410936.79	141718703.2	4.5703749	50.1050216
5620	85	37818123.26	178606185	4.6792792	50.2519501
5621	85	37818123.26	178606185	4.5607099	50.2949873
5630	60	15489068.73	75786256.9	4.4125932	50.1687764
5640	116	49245912.93	217905929.8	4.6073303	50.3346461
5641	116	49245912.93	217905929.8	4.7055271	50.3080016
5644	116	49245912.93	217905929.8	4.7197934	50.2975439
5646	116	49245912.93	217905929.8	4.6590441	50.2828212
5650	149	72663857.45	317816281.8	4.3528279	50.2472813
5651	149	72663857.45	317816281.8	4.4012206	50.2892396
5660	67	36598653.83	197855166.2	4.4090395	50.0672297
5670	47	14912948.76	83012666.99	4.59145	50.091356
5680	35	7997088.135	43366751.55	4.7458219	50.1357152
6000	1985	464265531.7	2625408378	4.449165	50.41571025
6001	1985	464265531.7	2625408378	4.4442531	50.3977245
6010	1985	464265531.7	2625408378	4.468631	50.391219
6020	1985	464265531.7	2625408378	4.4322464	50.4186181
6030	1985	464265531.7	2625408378	4.361194615	50.41684425
6031	1985	464265531.7	2625408378	4.382402	50.4170168
6032	1985	464265531.7	2625408378	4.4046365	50.3902046
6040	1985	464265531.7	2625408378	4.436023275	50.44466065
6041	1985	464265531.7	2625408378	4.4301757	50.4653846
6042	1985	464265531.7	2625408378	4.4489421	50.431853
6043	1985	464265531.7	2625408378	4.481573078	50.45615655
6044	1985	464265531.7	2625408378	4.390775827	50.4415002
6060	1985	464265531.7	2625408378	4.485649013	50.4269705
6061	1985	464265531.7	2625408378	4.472923486	50.4109216
6075	385	68915730.23	345725369.5	4.472923486	50.4109216
6099	385	68915730.23	345725369.5	4.472923486	50.4109216
6110	666	50402141.85	202088977.2	4.360231481	50.36907205
6111	666	50402141.85	202088977.2	4.3496404	50.377822
612	5949	449947939.5	2131778502	4.3496404	50.377822
6120	302	71110784.87	277872088.2	4.3868963	50.2974701
6140	632	50408337.19	258572101.5	4.323963793	50.41122466
6141	632	50408337.19	258572101.5	4.3198191	50.4383794
6142	632	50408337.19	258572101.5	4.3307851	50.3974398
6150	745	33100555.14	175992437	4.2696102	50.4079969
6180	704	88244311.62	451191408.2	4.3763406	50.4601576
6181	704	88244311.62	451191408.2	4.3287132	50.4875628
6182	704	88244311.62	451191408.2	4.350827	50.450999
6183	704	88244311.62	451191408.2	4.3317415	50.4665295
6200	1302	83116903.28	479578872.1	4.5151961	50.390213
6210	223	44045340.18	177575679.6	4.4501525	50.5376477
6211	223	44045340.18	177575679.6	4.4782006	50.50462075
6220	385	68915730.23	345725369.5	4.544654533	50.47194905
6221	385	68915730.23	345725369.5	4.531923804	50.5111679
6222	385	68915730.23	345725369.5	4.561356496	50.53007005
6223	385	68915730.23	345725369.5	4.52731102	50.52262195
6224	385	68915730.23	345725369.5	4.581627406	50.47584335
6230	315	73531592.33	308664786.5	4.371309718	50.53893345
6238	315	73531592.33	308664786.5	4.424383094	50.5152429
6240	1099	19777100.41	129643632.7	4.553041	50.4273228
6250	490	33046025.59	163195698.2	4.5870152	50.4111232
6280	270	61783672.08	248459889	4.5323568	50.3588065
6440	47	10455176.5	56418297.08	4.3767743	50.2262753
6441	47	10455176.5	56418297.08	4.3512321	50.2118893
6460	49	26788203.1	140649038.5	4.238617	50.069276
6461	49	26788203.1	140649038.5	4.3329805	50.0648008
6462	49	26788203.1	140649038.5	4.363579	50.061113
6463	49	26788203.1	140649038.5	4.3790041	50.0642146
6464	49	26788203.1	140649038.5	4.3755329	50.0298544
6470	66	14704860.88	73289529.31	4.1714631	50.200517
6500	76	23291463.36	110278660.2	4.2859259	50.2206905
6511	76	23291463.36	110278660.2	4.2980462	50.2766332
6530	194	60847801.89	262040766.8	4.244767	50.3041589
6531	194	60847801.89	262040766.8	4.3079897	50.320724
6532	194	60847801.89	262040766.8	4.2837674	50.3081977
6533	194	60847801.89	262040766.8	4.2591396	50.3250862
6534	194	60847801.89	262040766.8	4.3515595	50.3332279
6536	194	60847801.89	262040766.8	4.3119991	50.2854167
6540	185	23958537.97	102006616.4	4.2654874	50.3460194
6542	185	23958537.97	102006616.4	4.209803	50.3352549
6543	185	23958537.97	102006616.4	4.2155807	50.3512087
6560	225	26500827.54	140856830.6	4.1520931	50.2631919
6567	137	13212189.03	64174881.82	4.2137302	50.3208131
6590	61	12174240.9	70079189.13	4.1649981	50.0286317
6591	61	12174240.9	70079189.13	4.2096331	50.052122
6592	61	12174240.9	70079189.13	4.224118	50.036452
6593	61	12174240.9	70079189.13	4.1802891	49.9755399
6594	61	12174240.9	70079189.13	4.156972	50.015365
6596	61	12174240.9	70079189.13	4.2520681	49.96543
6600	98	31587902.17	244999424.3	5.7153203	50.0009951
6630	69	2394576.376	29485591.81	5.7376366	49.8313323
6637	33	4087160.171	38291736.78	5.665031	49.8509306
6640	46	11551807.59	86537626.78	5.6866728	49.9437838
6660	32	12782487.78	80754090.88	5.7886928	50.1323761
6661	32	12782487.78	80754090.88	5.7909538	50.5341607
6662	32	12782487.78	80754090.88	5.837773	50.1081487
6663	32	12782487.78	80754090.88	5.7384527	50.098929
6666	32	12782487.78	80754090.88	5.7156009	50.1661182
6670	33	10298116.02	75829199.18	5.9549305	50.1907895
6671	33	10298116.02	75829199.18	5.9182421	50.2244199
6672	33	10298116.02	75829199.18	5.9972692	50.220365
6673	33	10298116.02	75829199.18	5.8646609	50.1806741
6674	33	10298116.02	75829199.18	5.8288862	50.1876021
6680	28	6022805.047	38037272.8	5.5272931	50.0292955
6681	28	6022805.047	38037272.8	5.5136455	50.052317
6686	41	7514848.279	53762367.25	5.6038758	50.0333519
6687	41	7514848.279	53762367.25	5.6675577	50.0842908
6688	41	7514848.279	53762367.25	5.6892466	50.0535428
6690	56	21174500.57	118511048	5.8082072	50.2390245
6692	56	21174500.57	118511048	5.9672766	50.3074461
6698	56	21174500.57	118511048	5.9072517	50.3262753
6700	263	57281818.89	586341258.4	5.811919	49.6827625
6704	263	57281818.89	586341258.4	5.853381	49.7193575
6706	263	57281818.89	586341258.4	5.8675666	49.6499559
6717	82	9459540.862	120010213.2	5.7872217	49.7514982
6720	84	16248451.23	155784484.7	5.593251433	49.73558035
6721	84	16248451.23	155784484.7	5.620414	49.772082
6723	84	16248451.23	155784484.7	5.6225107	49.7228424
6724	84	16248451.23	155784484.7	5.5843337	49.7189016
6730	56	9269273.567	69383680.06	5.4979103	49.6649541
6740	76	12188060.48	113405724.1	5.5982415	49.6729527
6741	76	12188060.48	113405724.1	5.6698138	49.6701655
6742	76	12188060.48	113405724.1	5.6551334	49.6535106
6743	76	12188060.48	113405724.1	5.5942184	49.6478969
6747	103	6430427.937	66327886.97	5.6983633	49.6255848
6750	132	7134427.012	76473388.19	5.705881	49.5580794
6760	119	27601550	185606264.7	5.6272894	49.5680419
6761	119	27601550	185606264.7	5.5704642	49.5581925
6762	119	27601550	185606264.7	5.5284511	49.5577562
6767	76	4950932.358	33151544.89	5.4979579	49.5553011
6769	51	7156662.197	45059433.37	5.4287902	49.6184295
6780	162	10852699.03	165044537	5.8350151	49.6351714
6781	162	10852699.03	165044537	5.848409	49.6081105
6782	162	10852699.03	165044537	5.7608307	49.6153377
6790	387	18635618.79	263513777.4	5.804352	49.5675296
6791	387	18635618.79	263513777.4	5.8317661	49.5642065
6792	387	18635618.79	263513777.4	5.7422467	49.5590364
6800	67	34072093.55	183072755.3	5.3877654	49.9760182
6810	47	12789377.85	83437430.26	5.3394252	49.738581
6811	47	12789377.85	83437430.26	5.4263273	49.7031011
6812	47	12789377.85	83437430.26	5.4005563	49.7626877
6813	47	12789377.85	83437430.26	5.4579753	49.7071328
6820	39	14127919.69	87118356.08	5.3100518	49.6993182
6821	39	14127919.69	87118356.08	5.318262	49.7170106
6823	39	14127919.69	87118356.08	5.331466	49.6185771
6824	39	14127919.69	87118356.08	5.2621817	49.7076905
6830	36	14527550.81	81970716.09	5.0672528	49.7949836
6831	36	14527550.81	81970716.09	5.412251	50.6175774
6832	36	14527550.81	81970716.09	5.0738804	49.8254037
6833	36	14527550.81	81970716.09	5.0573896	49.8314004
6834	36	14527550.81	81970716.09	6.0129575	50.3912772
6836	36	14527550.81	81970716.09	5.1418578	49.7973741
6838	36	14527550.81	81970716.09	5.0065337	49.7976297
6840	72	18648578.35	119923112.8	5.3717959	49.8576034
6850	50	14489231.59	79910833.22	5.0830529	49.8947611
6851	50	14489231.59	79910833.22	5.1220764	49.8710591
6852	50	14489231.59	79910833.22	5.1805775	49.9651106
6853	50	14489231.59	79910833.22	5.1601932	49.9185629
6856	50	14489231.59	79910833.22	5.1607144	49.8662058
6860	34	10051645.98	85699047.21	5.4625426	49.8029977
6870	51	17118963.17	89534587.39	5.3166577	50.0323986
6880	65	23809567.2	132163002.4	5.1823728	49.8157173
6887	30	4320676.073	25228001.03	5.2377736	49.7815364
6890	38	16234430.31	83177577.02	5.2215609	49.9499043
6900	147	57751293.88	276283335.5	5.2931158	50.2232964
6920	46	9316842.881	47570987.12	5.0702515	50.0685885
6921	46	9316842.881	47570987.12	5.1559991	50.0786533
6922	46	9316842.881	47570987.12	5.1374206	50.0754135
6924	46	9316842.881	47570987.12	5.092143	50.0762474
6927	45	8161083.125	39755779.39	5.261162	50.0885262
6929	25	3772676.632	20869066.73	5.1184644	50.0217646
6940	73	33993403.16	174787418	5.456248	50.3524116
6941	73	33993403.16	174787418	5.4142387	50.4176261
6950	51	17573104.05	86999761.81	5.3475606	50.173788
6951	51	17573104.05	86999761.81	5.4154822	50.1665822
6952	51	17573104.05	86999761.81	5.3828952	50.1549918
6953	51	17573104.05	86999761.81	5.3142288	50.1441815
6960	31	11449761.68	56386993.73	5.6230297	50.234199
6970	31	8326887.608	45344008.49	5.5242133	50.091248
6971	31	8326887.608	45344008.49	5.5034047	50.1077503
6972	31	8326887.608	45344008.49	5.5507905	50.1137831
6980	28	11147108.8	63937756.2	5.5532565	50.170322
6982	28	11147108.8	63937756.2	5.6394828	50.209256
6983	28	11147108.8	63937756.2	5.6138065	50.1249111
6984	28	11147108.8	63937756.2	5.5783344	50.1506704
6986	28	11147108.8	63937756.2	5.5020384	50.1717133
6987	39	7464381.084	38728443.45	5.5230608	50.245425
6990	100	16315363.49	81311587.43	5.4221284	50.2943293
6997	42	10036796.81	50597702.92	5.5571509	50.2655197
7000	653	317077415.4	1446530680	3.951958	50.4549568
7010	653	317077415.4	1446530680	3.951958	50.4549568
7011	653	317077415.4	1446530680	3.903746	50.4760502
7012	653	317077415.4	1446530680	3.8878381	50.4367571
7020	653	317077415.4	1446530680	3.962763	50.4901522
7021	653	317077415.4	1446530680	4.0453329	50.4643434
7022	653	317077415.4	1446530680	4.0177899	50.4076446
7024	653	317077415.4	1446530680	3.9438349	50.4193042
7030	653	317077415.4	1446530680	4.012574	50.4366253
7031	653	317077415.4	1446530680	4.0389071	50.4312421
7032	653	317077415.4	1446530680	3.9868957	50.4254505
7033	653	317077415.4	1446530680	3.9206652	50.436171
7034	653	317077415.4	1446530680	4.0062232	50.4760289
7040	125	33362837.34	143286672.9	3.9570563	50.4020009
7041	125	33362837.34	143286672.9	4.0293435	50.3795142
7050	187	51293361.59	193867886.4	3.884409	50.53309
7060	261	104127318.3	451625435.7	4.0413076	50.6093445
7061	261	104127318.3	451625435.7	4.0031319	50.5130195
7062	261	104127318.3	451625435.7	4.1011662	50.5536883
7063	261	104127318.3	451625435.7	3.9979808	50.5921606
7070	201	36136319.64	151027423.1	4.0622054	50.4971875
7080	831	60917476.98	316660785.4	3.8883703	50.3906692
7090	276	89498487.73	379195100	4.1425138	50.6123481
7100	1258	211780143.4	1123144218	4.1883094	50.454942
7110	1258	211780143.4	1123144218	4.081995	50.4588091
7120	109	28692451.33	128134492.7	4.0758701	50.3609408
7130	550	99745491.22	509659366.2	4.1685575	50.4165125
7131	550	99745491.22	509659366.2	4.150981	50.4137808
7133	550	99745491.22	509659366.2	4.2055425	50.3897538
7134	550	99745491.22	509659366.2	4.2093685	50.4049792
7140	941	55533970.07	286344709.2	4.2523562	50.4509843
7141	941	55533970.07	286344709.2	4.2542126	50.443039
7160	815	41591913.18	216426965.6	4.2804202	50.4713265
7170	1241	62281664.64	329009528	4.254013	50.4843145
7180	182	50065719.37	204548690.3	4.266460924	50.52505545
7181	182	50065719.37	204548690.3	4.28751482	50.5640405
7190	332	40791276.99	182838186.7	4.1752492	50.5696129
7191	332	40791276.99	182838186.7	4.1785518	50.5703563
7300	1010	46865353.35	270047911	3.7960902	50.4331253
7301	1010	46865353.35	270047911	3.8276077	50.4337613
7320	271	36398033.85	181266258.7	3.6504677	50.475502
7321	271	36398033.85	181266258.7	3.6611754	50.5011724
7322	271	36398033.85	181266258.7	3.7107354	50.4611322
7330	336	80738843.22	378346520.1	3.82147814	50.4483595
7331	336	80738843.22	378346520.1	3.8327577	50.4814352
7332	336	80738843.22	378346520.1	3.7918519	50.5304672
7333	336	80738843.22	378346520.1	3.8081735	50.4673149
7334	336	80738843.22	378346520.1	3.7650049	50.4823864
7340	1509	43417732.7	262322100.6	3.8513958	50.4056635
7350	258	19853573.95	100767293.6	3.7661218	50.4311514
7370	493	44947919.96	240743341.6	3.8051335	50.3729779
7380	320	17650864.36	95266000.06	3.6957835	50.387884
7382	320	17650864.36	95266000.06	3.7177788	50.3830135
7387	117	19469220.52	87871385.51	3.6954509	50.366983
7390	1691	42989705.2	251390576	3.8636971	50.4421804
7500	318	237338185.8	1136160464	3.3668477	50.5822217
7501	318	237338185.8	1136160464	3.3492864	50.6049549
7502	318	237338185.8	1136160464	3.3038112	50.5743852
7503	318	237338185.8	1136160464	3.3569842	50.6195489
7504	318	237338185.8	1136160464	3.3287795	50.57792
7506	318	237338185.8	1136160464	3.350025	50.573981
7510	318	237338185.8	1136160464	3.350025	50.573981
7511	318	237338185.8	1136160464	3.350025	50.573981
7512	318	237338185.8	1136160464	3.350025	50.573981
7513	318	237338185.8	1136160464	3.350025	50.573981
7520	318	237338185.8	1136160464	3.335337	50.651295
7521	318	237338185.8	1136160464	3.4212542	50.5885516
7522	318	237338185.8	1136160464	3.3035015	50.6249665
7530	318	237338185.8	1136160464	3.4834445	50.5924891
7531	318	237338185.8	1136160464	3.4655917	50.6156953
7532	318	237338185.8	1136160464	3.5028761	50.6217774
7533	318	237338185.8	1136160464	3.5102508	50.6349458
7534	318	237338185.8	1136160464	3.5430623	50.5875423
7536	318	237338185.8	1136160464	3.426172	50.589889
7538	318	237338185.8	1136160464	3.5017888	50.5683976
7540	318	237338185.8	1136160464	3.3809106	50.6379097
7542	318	237338185.8	1136160464	3.4000171	50.6554352
7543	318	237338185.8	1136160464	3.445164	50.6530409
7548	318	237338185.8	1136160464	3.4267528	50.6096187
7600	284	49872115.74	254063851.5	3.5908864	50.5097897
7601	284	49872115.74	254063851.5	3.5870901	50.529165
7602	284	49872115.74	254063851.5	3.59458	50.5426384
7603	284	49872115.74	254063851.5	3.607483	50.4976184
7604	284	49872115.74	254063851.5	3.552247	50.561586
7608	284	49872115.74	254063851.5	3.533035	50.508665
7610	223	16333958.13	82977760.66	3.3039251	50.5557678
7611	223	16333958.13	82977760.66	3.3010202	50.5298416
7618	223	16333958.13	82977760.66	3.3416855	50.5502028
7620	174	25951749.5	126289341.1	3.4155171	50.5131151
7621	174	25951749.5	126289341.1	3.388096329	50.520291
7622	174	25951749.5	126289341.1	3.441858763	50.52296155
7623	174	25951749.5	126289341.1	3.381563203	50.50665205
7624	174	25951749.5	126289341.1	3.354190039	50.5170287
7640	243	22396240.93	116729499.3	3.4513116	50.565911
7641	243	22396240.93	116729499.3	3.426992	50.557403
7642	243	22396240.93	116729499.3	3.4371661	50.578325
7643	243	22396240.93	116729499.3	3.473373	50.567887
7700	1477	144797876.1	824752621.3	3.2344942	50.7386186
7711	1477	144797876.1	824752621.3	3.3037301	50.7273981
7712	1477	144797876.1	824752621.3	3.2342044	50.7227127
7730	335	28776451.47	163609102.8	3.3176015	50.6689214
7740	180	18422292.34	91240110.68	3.3407492	50.685616
7742	180	18422292.34	91240110.68	3.3623581	50.7008798
7743	180	18422292.34	91240110.68	3.347779	50.665077
7750	143	13436932.77	62014774.93	3.5066795	50.743719
7760	85	19120502.82	91260532.17	3.4571664	50.7125435
7780	300	39702354.3	255072436.2	2.998666	50.768736
7781	300	39702354.3	255072436.2	2.9640553	50.7868243
7782	300	39702354.3	255072436.2	2.8803139	50.7262204
7783	300	39702354.3	255072436.2	2.88999	50.7060943
7784	300	39702354.3	255072436.2	2.9625206	50.7588153
7800	235	115268307.2	502474026.6	3.79267935	50.6395045
7801	235	115268307.2	502474026.6	3.7536768	50.6201619
7802	235	115268307.2	502474026.6	3.7516336	50.5947224
7803	235	115268307.2	502474026.6	3.7677307	50.6477056
7804	235	115268307.2	502474026.6	3.7584252	50.6788509
7810	235	115268307.2	502474026.6	3.8060162	50.615068
7811	235	115268307.2	502474026.6	3.8148309	50.6103517
7812	235	115268307.2	502474026.6	3.67998	50.6397485
7822	235	115268307.2	502474026.6	3.875818	50.6566864
7823	235	115268307.2	502474026.6	3.8878195	50.637673
7830	124	40207306.11	159965388.7	3.9360497	50.6724203
7850	124	40207306.11	159965388.7	4.0406912	50.6927553
7860	258	62436510.82	297980244	3.8301131	50.7123036
7861	258	62436510.82	297980244	3.819132	50.6861533
7862	258	62436510.82	297980244	3.780225	50.7208405
7863	258	62436510.82	297980244	3.8094385	50.7283427
7864	258	62436510.82	297980244	3.8522036	50.7307336
7866	258	62436510.82	297980244	3.8856306	50.6953023
7870	93	17317638.6	74156754.52	3.8537045	50.5701441
7880	148	13959831.36	60754366.7	3.7378707	50.7371675
7890	132	22983270.11	103457337	3.6802062	50.7338701
7900	191	48018154.22	225711402.5	3.6322713	50.6220544
7901	191	48018154.22	225711402.5	3.6085857	50.6179826
7903	191	48018154.22	225711402.5	3.6857513	50.5878005
7904	191	48018154.22	225711402.5	3.575887	50.582865
7906	191	48018154.22	225711402.5	3.5748349	50.6060715
7910	108	42713105.12	197671668.9	3.5617225	50.6817661
7911	108	42713105.12	197671668.9	3.6551307	50.6648633
7912	108	42713105.12	197671668.9	3.5666	50.712579
7940	135	12765693.1	58007483.85	3.8546563	50.5954253
7941	135	12765693.1	58007483.85	3.8410951	50.6102428
7942	135	12765693.1	58007483.85	3.8507081	50.6044689
7943	135	12765693.1	58007483.85	3.8910777	50.6068018
7950	151	25382689.83	113477065.4	3.810128	50.587693
7951	151	25382689.83	113477065.4	3.7748043	50.581313
7970	229	46928110.1	222259655.1	3.7361279	50.5479197
7971	229	46928110.1	222259655.1	3.6472042	50.5252131
7972	229	46928110.1	222259655.1	3.6769173	50.573932
7973	229	46928110.1	222259655.1	3.6966742	50.5044413
8000	850	534224868.1	2260481804	3.2073611	51.2147083
8020	303	104962889.5	439312016.2	3.261234955	51.10996785
8200	850	534224868.1	2260481804	3.175005415	51.18830895
8210	387	97288979.31	416371126.6	3.1955523	51.1557488
8211	387	97288979.31	416371126.6	3.091326555	51.1180002
8300	528	191782071.2	806121702.9	3.323373861	51.34942965
8301	528	191782071.2	806121702.9	3.2505004	51.3126954
8310	850	534224868.1	2260481804	3.25707854	51.1933202
8340	124	47945365.41	205066592	3.292091113	51.2553021
8370	1081	67411786.4	343973373.6	3.129757804	51.31651475
8377	55	12823514.98	53101180.43	3.107176808	51.2388018
8380	850	534224868.1	2260481804	3.2292277	51.2747463
8400	1772	253815090.5	1224815290	2.9203275	51.2303177
8420	276	55103723.84	249108292.1	3.0049248	51.2415107
8421	276	55103723.84	249108292.1	3.063559819	51.2641695
8430	251	65033202.76	336647537.3	2.806340123	51.18331695
8431	251	65033202.76	336647537.3	2.8401373	51.1809498
8432	251	65033202.76	336647537.3	2.8776766	51.1746761
8433	251	65033202.76	336647537.3	2.8183418	51.1258003
8434	251	65033202.76	336647537.3	2.754986417	51.15402425
8450	1276	68602259.15	310320871.1	2.972576947	51.23890495
8460	279	36021854.97	164262303.6	3.038450483	51.19765475
8470	286	46589677.71	208254020.7	2.967081095	51.1582502
8480	317	48187071.76	232039192.5	3.05823224	51.14886485
8490	275	68370458.4	277229773.8	3.090295389	51.1846386
8500	992	315367458.8	1373285852	3.27841539	50.81788085
8501	992	315367458.8	1373285852	3.2284723	50.8228226
8510	992	315367458.8	1373285852	3.2800137	50.7781502
8511	992	315367458.8	1373285852	3.218604632	50.77745545
8520	1399	49198980.64	230100823.8	3.273632215	50.86005145
8530	1017	105340821.5	487360737.7	3.3425511	50.8293249
8531	1017	105340821.5	487360737.7	3.312604484	50.8790473
8540	746	47517114.33	212466215.1	3.362279023	50.83878495
8550	405	102535478.8	450063583.8	3.341906743	50.80406995
8551	405	102535478.8	450063583.8	3.4120184	50.7821543
8552	405	102535478.8	450063583.8	3.382526324	50.775415
8553	405	102535478.8	450063583.8	3.424549937	50.80927585
8554	405	102535478.8	450063583.8	3.349745322	50.76440175
8560	815	120858742.3	553952814.2	3.202615488	50.84493445
8570	358	62246883.13	269071993.5	3.463734552	50.844003
8572	358	62246883.13	269071993.5	3.497609	50.8121917
8573	358	62246883.13	269071993.5	3.469773854	50.8130531
8580	470	36129343.39	171238324.4	3.446898531	50.7754997
8581	470	36129343.39	171238324.4	3.505897166	50.8008418
8582	470	36129343.39	171238324.4	3.425733181	50.75868715
8583	470	36129343.39	171238324.4	3.40808193	50.74804505
8587	191	7388827.529	34391362.31	3.346526465	50.72568025
8600	114	54735667.55	269422135.6	2.873227743	51.05367055
8610	231	41241194.38	203922901	2.996075152	51.0321939
8620	344	41054710.66	207279065.5	2.72839865	51.14416005
8630	129	41188983.33	200446500.2	2.745771071	51.0631103
8640	93	10457324.74	55009371.01	2.749222447	50.92313355
8647	51	9850952.091	50555763.34	2.760780072	50.9931276
8650	187	30586417.72	156039808.1	2.943811051	50.97407785
8660	414	35402341.18	191740308.2	2.589602838	51.06926315
8670	428	117950738.6	514998306	2.635342602	51.1091101
8680	224	28836151.18	143392155.9	2.963341473	51.05621365
8690	62	14550583.19	75834361.8	2.72256881	51.01509585
8691	62	14550583.19	75834361.8	2.6727552	50.9761749
8700	300	79628841.13	356294757.1	3.41398842	50.9972412
8710	463	34936032.65	161355298.2	3.330496414	50.8949817
8720	334	32409118.9	146371341.3	3.402293717	50.966125
8730	225	65989828.03	284527625.6	3.31447326	51.12774395
8740	200	24368264.07	113445210.2	3.254063484	51.0209559
8750	221	52723853.77	241641391	3.284768308	51.06808895
8755	179	20229899.04	92034972.02	3.37894958	51.062755
8760	377	37999408.18	185525592.5	3.285960576	50.9484788
8770	702	39104929.4	187144633.7	3.261718974	50.92196635
8780	482	27960913.06	131332269.1	3.346820637	50.93434535
8790	899	158255371.7	688604539.6	3.42573804	50.87620025
8791	899	158255371.7	688604539.6	3.342747236	50.871701
8792	899	158255371.7	688604539.6	3.366911956	50.88302825
8793	899	158255371.7	688604539.6	3.4036062	50.9057236
8800	1097	241086064.8	1071436074	3.14416	50.9687312
8810	356	33148153.69	151818805.3	3.142271772	51.03033065
8820	463	80521498.44	362430268.6	3.091307205	51.0585915
8830	269	39400550.7	175981899.5	3.110328541	50.9975916
8840	249	37507401.95	182504481	3.064158605	50.94159445
8850	268	33120219.8	158302847.9	3.204593667	50.97076545
8851	268	33120219.8	158302847.9	3.201614284	51.0075272
8860	443	21922018.84	101647879.1	3.232013466	50.8850661
8870	1140	103620426.9	487258534	3.221285235	50.9336597
8880	394	33779877.17	162042648.6	3.117659878	50.86898195
8890	324	38163869.75	185195295.7	3.105666576	50.84693275
8900	270	126467862.5	600210689.1	2.8475388	50.8689046
8902	270	126467862.5	600210689.1	2.9383694	50.8056486
8904	270	126467862.5	600210689.1	2.862448252	50.89329445
8906	270	126467862.5	600210689.1	2.808607209	50.88120105
8908	270	126467862.5	600210689.1	2.814659656	50.84722495
8920	153	26175679.69	127963423.9	2.863108836	50.92504495
8930	1038	103839825.9	529513823	3.19389788	50.78879055
8940	439	58854352.1	297803372.7	3.06890092	50.826939
8950	84	22574717.39	122091475.8	2.845745911	50.76764855
8951	84	22574717.39	122091475.8	2.7832991	50.7662832
8952	84	22574717.39	122091475.8	2.840869239	50.7675035
8953	84	22574717.39	122091475.8	2.912619288	50.7832683
8954	84	22574717.39	122091475.8	2.740961051	50.8003371
8956	84	22574717.39	122091475.8	2.838367529	50.7952131
8957	299	2062506.136	13625683.02	2.900121423	50.7596526
8958	84	22574717.39	122091475.8	2.779730973	50.78372855
8970	165	62228122.29	316192009.3	2.722259264	50.84362245
8972	165	62228122.29	316192009.3	2.672906377	50.9045753
8978	165	62228122.29	316192009.3	2.644911715	50.84518645
8980	187	43119427.53	205648866.2	3.029349428	50.85048855
9000	1709	1096990579	4532573422	3.7141549	51.0397129
9030	1709	1096990579	4532573422	3.67812103	51.0731177
9031	1709	1096990579	4532573422	3.639516804	51.0528944
9032	1709	1096990579	4532573422	3.703461275	51.09349535
9040	1709	1096990579	4532573422	3.7488657	51.061875
9041	1709	1096990579	4532573422	3.7644128	51.1001986
9042	1709	1096990579	4532573422	3.7836111	51.1221778
9050	1709	1096990579	4532573422	3.7588813	51.0447236
9051	1709	1096990579	4532573422	3.657541586	51.0299989
9052	1709	1096990579	4532573422	3.702179093	51.00092235
9060	995	46872158.88	219041754.9	3.8105002	51.2000036
9070	716	102610957.3	391510300.6	3.7978887	51.0556204
9075	1709	1096990579	4532573422	3.7978887	51.0556204
9080	380	115562826	447979571	3.8792625	51.0802144
9090	781	60208921.01	232557524.5	3.7976423	50.9842505
9099	1709	1096990579	4532573422	3.7976423	50.9842505
9100	972	295066500.3	1300778697	4.1780279	51.1933908
9111	972	295066500.3	1300778697	4.091775019	51.1570236
9112	972	295066500.3	1300778697	3.9795579	51.1866966
9120	333	227683082.2	939599316.4	4.2383861	51.1806482
9130	333	227683082.2	939599316.4	4.245637447	51.3181461
9140	780	127889324.4	533708835.2	4.145756884	51.12017065
9150	509	75396005.44	310402582.6	4.287384251	51.14685855
9160	638	169041603.1	721478040.3	3.980854786	51.12798595
9170	363	86554259.46	360848723.6	4.0898144	51.2564526
9180	178	28322005.97	120330593.9	3.9446436	51.1742698
9185	228	32829892.66	139831353.8	3.8574284	51.1701927
9190	433	76995786.81	332977412	4.0771037	51.2065228
9200	835	197820175.2	844362754.4	4.056227545	51.02983825
9220	630	95538781.71	427003998.3	4.120280781	51.0881618
9230	728	109578595.7	465488458.9	3.8735741	50.9809343
9240	646	77956388.72	353915306.6	4.0385864	51.0683621
9250	350	58326653.3	224963179.1	4.0842158	51.1097147
9255	583	71051205.12	287762933.7	4.192804319	51.0113077
9260	519	52787820.94	222671512.3	3.928141226	51.0102518
9270	385	63679757.05	251203424	3.918568	51.0370133
9280	735	83735934.16	351899254.6	4.095443287	51.0011357
9290	405	64726398.14	278315456	4.01134703	51.0301606
9300	1157	372481433.6	1573573009	4.03964242	50.9429755
9308	1157	372481433.6	1573573009	4.041368472	50.9831967
9310	1157	372481433.6	1573573009	4.140006408	50.9559778
9320	1157	372481433.6	1573573009	4.057361005	50.9160962
9340	646	87113774.65	358125886.8	3.9521618	50.9605364
9400	552	161249668.6	697475291.8	3.967326612	50.819114
9401	552	161249668.6	697475291.8	3.9969451	50.8168641
9402	552	161249668.6	697475291.8	4.045850172	50.81972985
9403	552	161249668.6	697475291.8	4.0606636	50.803005
9404	552	161249668.6	697475291.8	3.9584406	50.8421637
9406	552	161249668.6	697475291.8	3.997655892	50.84658595
9420	611	97804034.68	400286269.4	3.9366909	50.8894174
9450	636	86745900.95	361899957.3	4.00593386	50.878059
9451	636	86745900.95	361899957.3	3.979234667	50.88457295
9470	1519	84353980.45	359174126.2	4.066546833	50.8843903
9472	1519	84353980.45	359174126.2	4.044050921	50.8746795
9473	1519	84353980.45	359174126.2	4.0448599	50.9005405
9500	437	136131587.3	599344326.4	3.879789	50.7689045
9506	437	136131587.3	599344326.4	3.9525416	50.7945316
9520	395	48246296.84	196848872.7	3.86801046	50.9449691
9521	395	48246296.84	196848872.7	3.8812597	50.92696
9550	395	83198097.05	345745318.6	3.887395383	50.88830225
9551	395	83198097.05	345745318.6	3.9109808	50.8920791
9552	395	83198097.05	345745318.6	3.8945771	50.9047179
9570	261	29724384.23	126239684.7	3.8409061	50.7863579
9571	261	29724384.23	126239684.7	3.863878351	50.8088369
9572	261	29724384.23	126239684.7	3.815784644	50.80452055
9600	788	74509484.58	384137941.6	3.6020465	50.7476192
9620	489	129237946.7	525281397.8	3.8078492	50.8907864
9630	246	40241153.82	161903511.8	3.719796314	50.90267645
9636	246	40241153.82	161903511.8	3.68798941	50.8867594
9660	265	62560360.48	274381719	3.762778	50.7979739
9661	265	62560360.48	274381719	3.799316	50.7849168
9667	179	9999507.551	41231526.32	3.6920346	50.8348628
9680	137	30378604.93	125395979.7	3.625998	50.8129246
9681	137	30378604.93	125395979.7	3.5954667	50.7965606
9688	137	30378604.93	125395979.7	3.6782376	50.8061799
9690	225	27262405.27	119492827.8	3.5082669	50.7903918
9700	474	139251949.2	585889658.3	3.5955691	50.8513634
9750	223	74578255.13	301852996.7	3.5907777	50.8988246
9770	223	74578255.13	301852996.7	3.540446277	50.9200896
9771	223	74578255.13	301852996.7	3.5108474	50.8853618
9772	223	74578255.13	301852996.7	3.560579417	50.8902386
9790	154	32085906.64	127463552	3.5366137	50.8247164
9800	355	201482761.9	818604377.2	3.5628186	50.9845547
9810	347	59399815.95	234616538.2	3.6418029	50.9569377
9820	682	139948480.2	516062699.6	3.7552702	50.9635195
9830	568	66296640.47	225372700.7	3.630629124	51.0134462
9831	568	66296640.47	225372700.7	3.611165872	51.0000909
9840	624	74120993.27	255901739.9	3.6495958	50.9924205
9850	355	201482761.9	818604377.2	3.5345703	51.0747776
9860	323	72063280.82	277881075.9	3.7896135	50.9252028
9870	491	65548311.47	282744541.6	3.4858873	50.9591856
9880	249	130942183	544781468.4	3.417680328	51.088195
9881	249	130942183	544781468.4	3.499452566	51.0902776
9890	421	65315458.61	258850392.5	3.721942	50.9309503
9900	736	77749941.39	360347695.6	3.5665965	51.1844827
9910	249	130942183	544781468.4	3.412339	51.1392692
9920	337	119514107.1	500634461.9	3.6076129	51.0956807
9921	337	119514107.1	500634461.9	3.6412401	51.0876396
9930	337	119514107.1	500634461.9	3.564243679	51.1195778
9931	337	119514107.1	500634461.9	3.5253176	51.150867
9932	337	119514107.1	500634461.9	3.5532444	51.1303816
9940	489	159736638.6	664169354.5	3.7471789	51.1793505
9950	337	119514107.1	500634461.9	3.6061712	51.1515304
9960	167	59693773.37	262761007.7	3.756807666	51.23004155
9961	167	59693773.37	262761007.7	3.705961499	51.2509311
9968	167	59693773.37	262761007.7	3.6789952	51.2311917
9970	198	28998052.52	121881597.3	3.621925137	51.228952
9971	198	28998052.52	121881597.3	3.634631213	51.19424
9980	94	25571123.04	119677710.4	3.537482068	51.2330483
9981	94	25571123.04	119677710.4	3.531500557	51.26767195
9982	94	25571123.04	119677710.4	3.580094	51.2682182
9988	94	25571123.04	119677710.4	3.5905485	51.2891181
9990	259	91163248.53	415561559.7	3.4154538	51.2263133
9991	259	91163248.53	415561559.7	3.4858471	51.2035291
9992	259	91163248.53	415561559.7	3.407142556	51.25583235